BUSINESS,ENTERTAINMENT,FOOD & DRINK,PARENTING,POLITICS,SPORTS,STYLE & BEAUTY,TRAVEL,WORLD NEWS
0.0032443531823259583,0.0017744773778305975,0.9740651496315241,0.004658442830312941,0.0008962178983584883,0.0018742932996978646,0.00355245227220613,0.009048119804721458,0.0008864937030217842
0.08724034287351315,0.01699333840786484,0.011264829778608368,0.017684150518895513,0.012928581454115476,0.01358454627365413,0.059175732198222725,0.7332358470213111,0.04789263147381238
0.0020024534188365613,0.003205532441040826,0.011370646879909487,0.005471458215474781,0.0010180631510966732,0.00194619675135321,0.9678295669796971,0.005579066213572333,0.0015770159490185451
0.005455189451740127,0.017758046312022154,0.00517250718174301,0.005197510318232632,0.006411994467961393,0.003866837295582053,0.9404076303971743,0.008311494160271214,0.00741879041527353
0.01352658504599753,0.8894690882736961,0.0006077183735678898,0.00300995533304564,0.042578546861816384,0.026170885661496782,0.007963621964688172,0.0007845586888420309,0.015889039796851367
0.48293105260478386,0.036149973030774975,0.006283189264448588,0.121914131187576,0.21363334791428323,0.04046441486113735,0.01385599165885213,0.044170665004214564,0.04059723447392768
0.035752927140342415,0.025831213419198997,0.1832402150576945,0.1598793490551138,0.0256839549561493,0.006324620702214818,0.06343369817134606,0.4765657403279828,0.02328828116995794
0.07307048587298946,0.0580574955769235,0.10081960872980619,0.37291676375715915,0.03861058801946375,0.021092678760510526,0.04627805253258268,0.27063779475985394,0.01851653199071045
0.4792300706133205,0.05019198477239338,0.03304524317378336,0.17502017344152287,0.0940366739331341,0.03342833855061166,0.020491398713106766,0.08036258686256914,0.034193529939554566
0.02000087651495704,0.024965388088321588,0.013260409650230027,0.0415726632785164,0.04556561281781302,0.8063943600504013,0.015471875899631102,0.01887838482678894,0.013890428873340863
0.08252915873484741,0.01825761693213761,0.020835196885552642,0.015550977413138267,0.048427782418954284,0.02877351487830814,0.014363027755469824,0.194824228074574,0.5764384969070174
0.17681216589062504,0.03597412686402691,0.04903063403137087,0.14346205613022586,0.12858215659063074,0.038709039120531974,0.026757674806122816,0.061622297440196164,0.33904984912626623
0.01682133581709608,0.0016761160962027884,0.0008818629496855058,0.0026130666839168253,0.9607469443119203,0.007648862678522648,0.0007683388620459819,0.0014727237127986612,0.007370748887810698
0.04204759485346846,0.03405055027783454,0.011477814800750262,0.8316911110586154,0.005811007142365438,0.01119182188225592,0.041420569020355055,0.017151247369358816,0.005158283594995816
0.7027354218630848,0.021674273974117527,0.00792177175804428,0.018516579732664233,0.14257414222165832,0.04621641325786647,0.016439233049777444,0.02711983355256205,0.016802330590224714
0.0972578766846154,0.05464904968063517,0.011843981845520064,0.040603231728167516,0.16268703302333448,0.08659454777436783,0.023194593747810036,0.0764473103106344,0.4467223752049163
0.029850953826693442,0.01567723506502259,0.01123296019261715,0.013332713046546764,0.07862994747400365,0.02930591377054467,0.01920542350528249,0.19923800565337077,0.6035268474659157
0.024137272247131865,0.004153606746281022,0.0009606863089652569,0.0038263785131900487,0.051786799668375724,0.004812516091725292,0.001368291941001771,0.00401207869669245,0.904942369786637
0.027127288724697968,0.08527479759095681,0.5135198418249259,0.15371860572436724,0.00925101209119283,0.006041218135606258,0.030659458010031452,0.16514347620339578,0.009264301694823384
0.05382675720913831,0.04148141051331271,0.42284747809239354,0.15566927491541208,0.04328062993791684,0.04975579516907533,0.06749474258914555,0.12740273296977314,0.03824117860383239
0.039926698353555536,0.013005265555939905,0.04077823757895262,0.1409873777400872,0.004573228455133275,0.01049099537439951,0.029754071690543768,0.7159772430379819,0.00450688221340599
0.06783480148270722,0.11321001056993664,0.2110984068905315,0.16455048784181295,0.02915457790572624,0.026718690648194227,0.3097269200507601,0.06800150173685388,0.009704602873477328
0.08098547304090642,0.0657158773699117,0.015013206351011948,0.06050859938904772,0.08446895621254817,0.6369142089174572,0.020527552336933347,0.01752470577522313,0.01834142060696121
0.005405227191116386,0.0023526091447786048,0.966120180447597,0.005547148285926899,0.001632161635660711,0.0016434201316403354,0.003574699710219904,0.013013002964869696,0.0007115504881914927
0.09955272626351655,0.07933905974623397,0.02156942390587783,0.050820700126297746,0.022375160077527847,0.011956520425167011,0.6580906355195931,0.035032849397472525,0.02126292453831328
0.2741372660436553,0.09044514755678999,0.029991159022354753,0.07561391988398401,0.13787360471094712,0.06618340921751036,0.05620137099701004,0.14782375853848775,0.1217303640292603
0.0150390414401024,0.43978416481055943,0.037715900148698404,0.04137296301765782,0.014533352938326393,0.013392666639355968,0.38666367666646534,0.04475441464538233,0.0067438196934493135
0.0841990234264886,0.2062702477951058,0.019319661181844326,0.07209826048831527,0.22442618083685809,0.05930191426033945,0.20716511589243428,0.07681971992457183,0.05039987619404286
0.003546143589737255,0.002108008245845879,0.00011193721029503788,0.0009209690473374483,0.9822380114062986,0.0017334307632126992,0.0007111860600220474,0.0006615196540067603,0.007968794023243153
0.8479192866472648,0.0023468470275140436,0.001697695026249424,0.017722849523029736,0.04174821423998455,0.004521369723974069,0.0016569914101684602,0.018937743353888113,0.06344900304792404
0.008691479868207584,0.01621233087027032,0.0011485185610108802,0.0054465911342621185,0.016651528435707653,0.9333794485619702,0.0026570785559929286,0.004564024674815056,0.011248999337763637
0.02809352728244633,0.010935725637795586,0.012399223430784347,0.012187330489389568,0.04427464967075353,0.011132576502462238,0.009942286728406514,0.019347075052499108,0.8516876052054652
0.05701182661016005,0.030215787466289983,0.006607278967795112,0.04641850513418822,0.7613396755493766,0.033879067860631065,0.013818451044872,0.010577769746238301,0.04013163762044934
0.6470852865749877,0.024872667032610624,0.07000999767176469,0.07276301302112635,0.05735903542876365,0.020902218330539173,0.03811681281548546,0.03923871629168551,0.029652252833039062
0.11248344217441,0.11308068472405125,0.05981831423944408,0.1392138636397983,0.08035736667749079,0.2852331522566721,0.08368978799179659,0.11234258583415063,0.013780802462189589
0.3283476552885289,0.02394855670377518,0.02154538689025294,0.045378074396508275,0.2536004627287466,0.04036334676670665,0.015549870600744352,0.07771045379803859,0.19355619282669864
0.15306874925138528,0.03297322352860701,0.005065284092912098,0.25073301953397187,0.30494181376900403,0.03624682190531737,0.01836658500978255,0.041089282136930104,0.1575152207720889
0.01262256962646528,0.03286063942101189,0.027883372576218642,0.018669358235562157,0.034753268669394294,0.8139220509944957,0.01909731410396962,0.023842092879549453,0.01634933349333127
0.3007566644319156,0.00478803842607692,0.0007830791917036594,0.007775002567784564,0.6570261064937007,0.004409796134677636,0.0026003757939030044,0.0036268256986277635,0.018234111261613176
0.08005988108781248,0.011479825280143515,0.754912601356929,0.029989902613587974,0.007364051989668421,0.002744296951459301,0.016491247361027982,0.09193208753487937,0.0050261058244923705
0.00430624684033926,0.042787774201212596,0.00882804269172095,0.07413702384070306,0.004364075949493959,0.018126216015968487,0.8227657318349338,0.013655339762380066,0.011029548863250159
0.1434322283828566,0.05032128967380436,0.005168619846282339,0.09746792266886196,0.15619510950030388,0.35570796041071157,0.021232083982490137,0.0832069618668002,0.08726782366788843
0.035565669480613175,0.42745065128182547,0.03250403947082588,0.03404801816468509,0.02963343075096906,0.2610157366670024,0.12970893649694903,0.033552766144488586,0.016520751542639968
0.038958897701220956,0.014764784222421978,0.015004704619450348,0.866904597227503,0.019558905277037505,0.009477808406083173,0.017923197053172055,0.012018698607484835,0.005388406885627986
0.03299761345331978,0.079710567401721,0.04134103419625335,0.05224275823024448,0.02058029190708378,0.09359154393504475,0.08301367020666452,0.5020825549200897,0.09443996574957911
0.06209630294589791,0.05612546963362755,0.2662906932651691,0.16424622049956533,0.03833733424260998,0.025454443803427013,0.12147445106599018,0.22229866365129464,0.04367642089241851
0.03225619948196633,0.014541094226066198,0.7534905691100088,0.07214331436951518,0.005851053300190791,0.009004350816097132,0.013029845456801305,0.09363818855354326,0.0060453846858105715
0.6747749699325158,0.0421192937168565,0.02104548949577275,0.04261551202694339,0.10554367246199081,0.030959846469238574,0.014845193089822536,0.02542689337103017,0.0426691294358276
0.44463047697159824,0.015673273706530367,0.01661593152710899,0.3452480275770509,0.02368213985850954,0.027597841239172628,0.02840954935485524,0.0784641466551251,0.019678613110045547
0.08745996839397373,0.016943287739123358,0.006188541621920364,0.8100665672001687,0.01556187691509492,0.020770849230599603,0.016760072011472633,0.017480725075442214,0.00876811181220276
0.02068664085188811,0.6848315695988271,0.012044595385818736,0.045319855885178555,0.016194959977981406,0.014624862601427637,0.1870162599713409,0.011844935860437538,0.007436319867096554
0.009989517519896239,0.016094418025828425,0.03340410668230487,0.036725451383136,0.0032305953257865884,0.003849002704514059,0.013535049581148689,0.8795444389582567,0.0036274198191310796
0.099008965299566,0.0896177872563049,0.008979236467768393,0.5318237500978421,0.04527272287549709,0.027358138568651522,0.06435196618053501,0.08082520869183084,0.052762224562000894
0.7193161009459839,0.07484550877031905,0.007142632928047766,0.013579758306965893,0.08876205221574533,0.02194250262311362,0.00862971632684078,0.021287153637078497,0.04449457424590426
0.026325208496982475,0.4226723975726494,0.014790002368528376,0.16624256146135513,0.02160158653467149,0.04683085689576421,0.23651422271077663,0.01823448723193451,0.04678867672733658
0.06020696945725924,0.014104514372023336,0.009665535226820015,0.02365517058782735,0.8272203316694855,0.017639315962925808,0.007615922658176735,0.008294256147810035,0.031597983917670304
0.0022157739952466016,0.004232622367519866,0.007814296366567898,0.0030431040442637698,0.0020096789276524,0.001906532877335817,0.9674269013522827,0.00775200350551104,0.0035990865636181864
0.050283014229700856,0.5772980457050482,0.006569750021367163,0.021351230337926116,0.062305589764327915,0.1607027711954864,0.04397122475379599,0.014784391498224225,0.06273398249412604
0.03793755761295796,0.39269070054330035,0.004020266705810434,0.04618300382339575,0.2796726204310335,0.16562312616457472,0.01583301735652993,0.023982353377547148,0.03405735398485172
0.02246709918843733,0.35386126907856497,0.06712190165218346,0.1046563313671757,0.04115195890481064,0.06417844314815095,0.25959929970344625,0.036323602839164186,0.050640094118066
0.48940832365723175,0.005944946749770718,0.0020253698199524323,0.007401241659822931,0.40583317892052356,0.008973085388860871,0.002332210783354971,0.013944559547907067,0.06413708347257775
0.03809807471588583,0.5161506010753103,0.044625227953863755,0.09127967401736378,0.030914026555104893,0.09682733748973646,0.09760603034131328,0.03787574572314913,0.04662328212827071
0.21839465965406904,0.04042416260317395,0.04184548018923844,0.13083656872312874,0.05674325104952217,0.05740304195442612,0.014429408410321573,0.2709991347308611,0.16892429268525547
0.7935444891976559,0.00825816459067419,0.004393775383766706,0.03647860373187371,0.04109085699473621,0.013120131116484544,0.057752220820003496,0.015023705035882424,0.030338053128923268
0.04527860324943501,0.021913951355637933,0.44999256813887173,0.03272325950364456,0.018123282217591723,0.30619510627779706,0.03002085413966656,0.0626912683463853,0.03306110677097126
0.040497171278762546,0.01855437445901645,0.0154080636167061,0.06461324049809991,0.11861736517531185,0.11151655661992686,0.012435957079668112,0.33788369307732063,0.28047357819518726
0.002337622591887171,0.0014228042935950638,0.000832559812979734,0.0009648624117360286,0.005844740118469524,0.004313335370696355,0.0006778490545930929,0.0075801914800900745,0.9760260348659525
0.006299099357795547,0.010963686406563393,0.011200296659220236,0.00976835324492278,0.015727598926062902,0.909573549344522,0.009719504663111875,0.010102153529771878,0.016645757868028972
0.027500139742952793,0.06301720607212698,0.00643559102217989,0.4083699536588659,0.4066764985642073,0.0123039937940413,0.015419488142689322,0.01795585219667895,0.042321276806259495
0.021385496553223863,0.022296237075965494,0.10103658281809592,0.016306466821092727,0.016284863625353613,0.023333382383120185,0.029693118908850537,0.7521803189578661,0.017483532856430874
0.0192953789196807,0.02228362569258094,0.034229083363794884,0.03021856411610551,0.010135880178904464,0.8421987233897035,0.023511999040179477,0.01424775862175803,0.0038789866772950513
0.015225660544209827,0.07048330365084716,0.004815199020596367,0.8105834443907463,0.00492268280469305,0.0030668216988518292,0.05447949292115908,0.03254602041085422,0.003877374558045665
0.09452220871562418,0.05191796851885577,0.010184389246648868,0.09256962717228946,0.25655015017561744,0.23074514791713982,0.02010605108066854,0.032106991643351054,0.21129746552980389
0.016721350310447042,0.004790122540169942,0.0019046946182406542,0.004641306753945211,0.026255177346646053,0.030602019808153042,0.0032716309108920378,0.008100093230846069,0.9037136044806588
0.03386490945013703,0.023149214493769533,0.007188849159983679,0.009886611770197522,0.06725416647364145,0.05197218958381736,0.010521862153998422,0.02128996276247765,0.7748722341519778
0.008004647858371051,0.015017498551804544,0.889709975554482,0.0420602042279661,0.005265663198808568,0.00842890414957263,0.012867073892017583,0.01351709247408514,0.005128940092891433
0.07107201936350947,0.11798748058467377,0.0722684001852373,0.11796698247471364,0.024462266262319496,0.026417327384932496,0.5251086086226523,0.030773794172259967,0.013943120949702863
0.7306049078283915,0.018773472306345823,0.011558650797914379,0.06511624475244462,0.05095239352504544,0.02578138026715851,0.016812089774435015,0.03315147320500241,0.04724938754326602
0.027229545198728684,0.033766349476964226,0.017351630336370952,0.08404723390841162,0.012738022234190901,0.0033585125349864984,0.02506954500167127,0.7915798949620777,0.004859266346600818
0.00026828484093124227,0.000586017485406824,0.001286302340247627,0.002174482292313154,0.00011760222155059042,0.00012912859469915884,0.9949154534432119,0.0004737310436863954,4.899773795310344e-05
0.22708032895346433,0.05017362051810192,0.11277413362991802,0.1476877284975452,0.28006777957287143,0.047364728512924684,0.04788050609786637,0.050721356533878346,0.036249817683431156
0.09589655283549652,0.39147380523248987,0.05504592335422543,0.08083959971398715,0.07097814410077656,0.04679910191411544,0.04577825792840104,0.14809194646769447,0.06509666845281435
0.05403770683561338,0.08185477797337787,0.055159154134396794,0.09359346288896933,0.033340862623633845,0.022525226509335822,0.5850338852195935,0.041938217849852626,0.032516705965225885
0.015209349543360862,0.02437917611048939,0.009578783940804476,0.012967354724839206,0.11082622065659932,0.7940412104321236,0.007797930044486394,0.012189447950202461,0.013010526597094446
0.013640376633973368,0.008874979506288174,0.013342606907947236,0.03669297744078941,0.006933112015856958,0.011270958049645763,0.8852301559854983,0.016585921804097962,0.007428911655904684
0.04919016712673786,0.3408385035271976,0.02514759693795191,0.03935962875727768,0.04556488007891785,0.17838477992528645,0.21097920674909607,0.07662529485698455,0.033909942040551484
0.00343996985976188,0.006644112018709621,0.00169140717189629,0.004079143748951975,0.013480063954705735,0.9349366139838171,0.0034511075220468247,0.0040829469334643835,0.02819463480664587
0.02112575955123636,0.013651522238736728,0.007680750898826214,0.006703621842860951,0.05387053434158961,0.010199039681660384,0.011033195112097877,0.030441999611720828,0.8452935767212685
0.12777409335083625,0.031483371095375946,0.06404343920648617,0.058624706205423566,0.04301105003064496,0.03220697295018592,0.030532716395969918,0.5471925663973584,0.06513108436771829
0.31387285119210667,0.06286761928855529,0.03560091314070872,0.0735061818065459,0.1183246448212636,0.04144560000865816,0.25303729445522893,0.03137532111841317,0.06996957416851932
0.0036467731182562224,0.0012710299280964375,0.00048191921835452514,0.0009174892511072184,0.01779898866799083,0.004369699261396082,0.0008118459658787396,0.0040980908032808485,0.9666041637856382
0.011354784384510833,0.003335723614151792,0.0007849621926457427,0.0012516171515198167,0.9714831041641019,0.00282533551127862,0.001465369124970434,0.0010931954154523378,0.0064059084413720085
0.5410601574327095,0.05052574234550356,0.024202109081533356,0.05356516144790785,0.1620736122006688,0.033988556945282175,0.032238010257238145,0.034149566643580015,0.06819708364557958
0.6148837210565695,0.005093074232173303,0.005233934192127495,0.033584542273618304,0.2197758879142276,0.015127994159693443,0.005509433321044353,0.019801887696237027,0.08098952515431035
0.06566359946766623,0.016843654840683116,0.016038229204645725,0.04376459724127377,0.11397552084996394,0.03904115020907423,0.007293745665729829,0.041755606516809436,0.6556238960041517
0.8188710879592023,0.003904829984970845,0.010383742147625719,0.07541176976058223,0.021293541079274534,0.003226056299294385,0.0085388204275971,0.052647682864786105,0.00572246947666546
0.007852351387813209,0.0029453323566815816,0.004642892809846637,0.0034416339489724435,0.005038143336613887,0.0077229709406800625,0.013190583715936734,0.9478962647062262,0.007269826797229298
0.0019262486780860246,0.026340567291224495,0.004261481737044138,0.011989246900561726,0.020523096221975217,0.0482362780393049,0.04733720195247148,0.03360748741630142,0.8057783917630316
0.6659659038121386,0.004311749997896445,0.005072944205375329,0.011542200084994866,0.23294382581624762,0.010149885076927514,0.003616538715484417,0.04390669540736707,0.022490256883568118
0.003904797326489764,0.034205293064129096,0.006042877204873505,0.0020122657890086575,0.00438864833583442,0.9278500318166356,0.011598707835259141,0.007444421184129451,0.002552957443641191
0.015665038688080106,0.03341898504448798,0.010208176982814319,0.009025768021857127,0.08216885071341373,0.022468905572879127,0.013745869345885859,0.030812606208028774,0.7824857994225518
0.26447930691709404,0.013606041237255524,0.012647062190123052,0.13598970548479822,0.3731565367168307,0.07947623665354114,0.01593821181197407,0.035636908722387096,0.06906999026599889
0.07095331416003386,0.06554742040398276,0.18717334101680455,0.21479923686228924,0.055704851583752914,0.04154485561914062,0.2119318675450104,0.12473997594996188,0.027605136859025946
0.0029959315465060326,0.006597372405666265,0.0008310614037509815,0.0022860556562561826,0.03959140119910713,0.009193210666426676,0.004182625530426282,0.0044785038221251275,0.9298438377697358
0.018613217332173575,0.010590078778776064,0.012615464891794981,0.007300094736765183,0.0065213781607846785,0.013253547211948699,0.012419690956959625,0.8958412481340049,0.022845279796790748
0.0868823658806798,0.503678672189474,0.027224026677619816,0.2240604227759517,0.017336411879270017,0.02182167061740251,0.053196463747505696,0.04505324601967959,0.02074672021241507
0.03575273127016966,0.008115215018352594,0.03498965314312239,0.012624975658893409,0.012396938157167544,0.012957997910540456,0.017580169776252007,0.8380154257876808,0.02756689327782201
0.04815275999204488,0.032744824480382836,0.517520399895223,0.14963015783175324,0.0398688321904755,0.025690513819113102,0.06967556930052524,0.10075435730487063,0.015962585185613283
0.01966427283284713,0.01515395091500773,0.8304688554530302,0.037139548252421835,0.01214765531227304,0.013502923362858498,0.01577642098781029,0.045947194234680425,0.010199178649069586
0.03081776035971746,0.05960300687707551,0.03313878883559413,0.048203603524381994,0.050779182008094656,0.6419669442960646,0.06662341507930208,0.04255035874985901,0.026316940269912437
0.04666565657858004,0.0923391410821426,0.01609121369703966,0.03845547929532517,0.06308763700621806,0.5620498071035244,0.04293338878566813,0.08364643688960768,0.054731239561893415
0.027186311855743998,0.054282563418997926,0.018907478887122343,0.2039241279601187,0.005649615703862595,0.038535917586572134,0.40534434875763087,0.2302637653215015,0.015905870508452925
0.0073495242627903985,0.00381445814625909,0.001213718574070224,0.9552001211366395,0.014117258095020221,0.006674483374067787,0.0022138861922346934,0.0037903391460774646,0.0056262110728418375
0.03924959267056251,0.017714728886519295,0.1115370515495608,0.4980714502369864,0.021188695562994634,0.010587442220440575,0.0627485660833258,0.2251224844172209,0.013779988372387732
0.02196707960340005,0.003407724795593996,0.9127992249187428,0.02346815301862303,0.00509931060183099,0.0008103612227398966,0.008110637042158957,0.021323280839638088,0.0030142279572726756
0.03616431210832522,0.029034923052367302,0.0028127243209482285,0.0237447331401941,0.8637639651837162,0.01390746795181626,0.009290984003693808,0.009410304765293004,0.011870585473643636
0.000741314561668298,0.02524126131314018,0.0010334288093887612,0.003757888017326673,0.00042478006927624954,0.002737302734994588,0.9636168222029571,0.001932259217396259,0.0005149430738490994
0.15070364566749725,0.11576207215969075,0.44897367862604726,0.04531368142028578,0.027667229258845315,0.03416628736795252,0.03457047317123876,0.1311695673301688,0.011673364998274345
0.03856049874454286,0.09121288850119506,0.14108561797832972,0.03107594636305686,0.017589332787500005,0.005588802147875762,0.12487987218264301,0.43557923166350787,0.11442780963134967
0.001488150708089908,0.004399467095473874,0.0023651142648954443,0.0024819684974451664,0.0007371094858043074,0.0008174945290180013,0.9820927048860042,0.004790722024429624,0.0008272685088422296
0.005417814033950256,0.015305597303836536,0.0043438522605064684,0.010519385561040175,0.004852820090232733,0.9345655651797997,0.010750656297089116,0.008642650192858987,0.0056016590806863085
0.045288129329460365,0.05852789034547796,0.012272379122566108,0.09221783693031614,0.017738383751097028,0.008685308218484086,0.7107625025411417,0.04642123566975497,0.008086334091702424
0.08411982648463004,0.027747891246148893,0.13531026906068236,0.19337763518718706,0.09260433424719834,0.05669600713106973,0.14218914789013123,0.2197700174501653,0.0481848713027885
0.008738283654102622,0.01253715633826815,0.03344730796650517,0.006339599222756768,0.004040789461786368,0.030506265698639075,0.013993558738552483,0.8831040228283448,0.007293016091041056
0.06080209644205002,0.100087388013164,0.021830765622202458,0.04178013306071554,0.48333398376161907,0.09094049504496989,0.04782530466316475,0.03495885000660778,0.11844098338550584
0.021451301689984534,0.028933589091091345,0.014919037056193686,0.049261334174919555,0.015275288790651953,0.8148316308238641,0.017753605146069436,0.02723412654342082,0.010340086683804239
0.02625062032942334,0.049345980967567225,0.013780916578966938,0.03837236132022643,0.05253665794238481,0.7317937368629253,0.030755140488021335,0.028262098326882427,0.028902487183599657
0.06042899753310328,0.34352126372865593,0.026520730245496126,0.13538781079958773,0.06716136536964502,0.13489937445068373,0.11930182734075445,0.03505505789164973,0.07772357264042354
0.005598990108597364,0.1358964418866774,0.006902552283362521,0.006555297457918961,0.010599486805357527,0.8075060995805048,0.01049271251620385,0.010437312801288016,0.006011106560092541
0.0003210171095060913,0.00048671470524884973,0.00025153904918258043,0.00016211342669071555,0.005516601653260984,0.00040934363307555644,0.0001182016293211523,0.0004567037880823249,0.9922777650056291
0.026353977195947793,0.006930748361733502,0.0007078507307605953,0.006420839225750581,0.9092655797349345,0.02074647986408812,0.0013647740382519132,0.006182287951143808,0.022027462897391596
0.09590126167259098,0.0676595283576699,0.007185629655082492,0.09396794762390623,0.4803822461698528,0.04943313282164565,0.011333942584208922,0.03681601291717416,0.15732029819786733
0.03085247100610891,0.12889244600581246,0.02981470918365689,0.0227744714429492,0.014940768549223297,0.06045337794124631,0.6896299972141511,0.014305704012301383,0.008336054644553413
0.010084127785774078,0.01792500068710212,0.002382131914215995,0.004780401723866946,0.036600066685557195,0.07853528651859015,0.009320983303210387,0.013780860306310322,0.8265911410753711
0.5297311434285032,0.0375674368504186,0.03617756065631997,0.1075601539331405,0.08444329609705828,0.021812401600457644,0.032750247568743854,0.0858211231128635,0.06413663675249459
0.019515044341849534,0.1377196190610987,0.0037596489446580523,0.01252542641487098,0.07398546999768102,0.7150437500451738,0.0051029198151386,0.004984928300193725,0.027363193079334023
0.01639008885427827,0.03243386019519062,0.7404354082052403,0.027967646542908974,0.00928367118060565,0.008214854240552714,0.11690151961503799,0.03559082514864091,0.012782126017542255
0.01644500681557255,0.7537443817052039,0.027955220028238657,0.0539555029643892,0.013008090409724365,0.027607302302976547,0.0640875684399059,0.034227944794490386,0.008968982539497385
0.10551700698423214,0.014960592502239972,0.41840779970429176,0.0582360453468324,0.031483794203354454,0.008294143456974644,0.008173979033682487,0.3448579453338406,0.010068693434553203
0.8724287402915152,0.022382367581888954,0.006092620594234516,0.012114173279156447,0.036716357055774515,0.008082302760473259,0.022304017011794554,0.004573964126649571,0.015305457298513948
0.07280664499331795,0.0022322899828663046,0.0008575958793050488,0.021208122971113488,0.10486470429096978,0.0021809261868129927,0.001375967941160179,0.015381864916602964,0.779091882837853
0.04673475787109404,0.008189864877608406,0.007702908958921787,0.010456099564018363,0.08574744626567168,0.010206314257148394,0.014028893238795154,0.018011425654680942,0.7989222893120626
0.04026253517501347,0.04649842484119775,0.010323287444514672,0.5496821014729314,0.018080147824644132,0.023517459771440468,0.2542435153366024,0.04638263864628768,0.011009889487366828
0.038625668925998544,0.01807626815184598,0.3474488740679805,0.03168479242507229,0.008049830453962336,0.010464095849149497,0.02382106306969799,0.5100756479216086,0.011753759134685035
0.24767842376128837,0.05389293139560864,0.0989154010681075,0.3306474394808812,0.0538982105762646,0.03158984261209779,0.08294141942884502,0.08736777241597565,0.01306855926093388
0.06743824883647857,0.018298300322594264,0.6454698543039069,0.09604150080791235,0.01830087052128311,0.06959312655937398,0.02551423841377088,0.040608034630500986,0.018735825604179867
0.011572726260644584,0.011413097271666077,0.0017452634462358746,0.03694569736039494,0.005792102513234229,0.9171291534165722,0.005128261948161875,0.005501588593648615,0.0047721091894401295
0.021614509802763176,0.7494790499603755,0.0168941132171725,0.03949141918375123,0.03498740816774871,0.05591688563161611,0.04635067133884957,0.024380014813552068,0.010885927884174078
0.8109884142677649,0.012979544473929896,0.014740916696786741,0.02836709291946368,0.055916548579053815,0.0186327501198738,0.02278213188794692,0.02245997822166823,0.013132622833512849
0.006948083237529221,0.004792442886399548,0.9378847100924249,0.008366394710893602,0.005652767689885991,0.006660630748166209,0.007501021946297145,0.016730449677778283,0.005463499010624206
0.03669345172170209,0.7924545190660052,0.019617465243935855,0.03069375774712988,0.042104194395941166,0.019593458126531488,0.021940781107313224,0.020126332518449964,0.016776040072991567
0.06329123814143703,0.05606955552487693,0.17961035413114695,0.3604509435783143,0.04094789642589266,0.02927109342412159,0.04757198176301637,0.1958431289152135,0.026943808095978183
0.9268755607271103,0.0026163422783480254,0.0020116690263733794,0.0036867351271320375,0.04290767503214808,0.003065089836659609,0.004095960132055389,0.004288786153767672,0.01045218168640626
0.0009889899604319297,0.002183913525762143,0.0013223714559891405,0.0011794726146980923,0.005333170955652402,0.986202795090923,0.0004849898067917972,0.0013347089037478179,0.0009695876860029827
0.010288418015503164,0.0012638858017002567,0.0009972921932135828,0.0029418448589304848,0.9746276508297641,0.0020469869512329693,0.0005521459892145601,0.0021186341961914124,0.0051631411642494
0.7855573088112755,0.015603009145723715,0.019982379481166258,0.03596674089121937,0.03776882439897259,0.010000184099539683,0.027882974657999732,0.04244457620040186,0.02479400231370109
0.020326205139310074,0.014120329038885864,0.02435618712343725,0.026416239341179818,0.005234645067642089,0.007831084729622788,0.0670371215354065,0.8292430898161793,0.005435098208338495
0.042481706515615024,0.011161482347977834,0.0031475140394539827,0.03781780578156221,0.01098620707335881,0.8753330935996713,0.0040234884222258805,0.008379365859743648,0.006669336360392742
0.0423558177619984,0.14236407720115482,0.00958158934994551,0.03399496948951982,0.3975258549526766,0.01686052733220222,0.04122517252610065,0.018552106527336083,0.2975398848590682
0.08692537146921052,0.16192170498231884,0.19885735920693562,0.08329181603843776,0.04969157467621202,0.02925695500230381,0.0763258954749481,0.14862570801398825,0.16510361513564614
0.038388015890126526,0.026048931631183936,0.009243936891342699,0.019153645016628865,0.04961872195711711,0.011580727598624963,0.008436139078118353,0.017265655458904666,0.820264226477951
0.060559310568036824,0.06861399296309056,0.0362130953429919,0.2644369978920318,0.07073869652561379,0.315143002702344,0.04540754660078972,0.062268876537536225,0.07661848086756669
0.015832417805965757,0.027917199808438858,0.0024426244411916145,0.014397516944732893,0.015768735017596163,0.047770014379825004,0.005549094985332903,0.7879845038399572,0.08233789277695865
0.01788293436592412,0.5832436466194432,0.026964579904701795,0.07452988692613591,0.013241108435948366,0.04714313646488738,0.0717501830213573,0.15164482988092906,0.013599694380673313
0.09056854998089817,0.0763324106845776,0.04372366044026819,0.23241175720904747,0.1913376298621913,0.03954537875077077,0.04205688603874104,0.07142305797066106,0.2126006690628418
0.015153464675380085,0.5538480842819712,0.012232196605813707,0.03301838767876099,0.03972940448844657,0.07397216691706497,0.22824050222932915,0.035285784608943445,0.008520008514291893
0.013418797759280924,0.08157260438907125,0.0036671321468917132,0.01604624059293872,0.1177650306192175,0.02253766556322502,0.003454663226625095,0.04026178028241805,0.7012760854203328
0.0140860695672836,0.005948035683018926,0.000608801421048621,0.009179428382335921,0.9165455881115859,0.018764958530626815,0.0013039850458193523,0.001732572074393162,0.03183056118388424
0.1270604049863181,0.12259273151218425,0.04865578117204714,0.2622810342131774,0.0756977075595628,0.021062692518443407,0.22006617531992245,0.07406556985176842,0.048517902866576236
0.03635440052102738,0.015142369420604922,0.009525014220539056,0.019998160429515577,0.1572131323308772,0.03939634562640528,0.018850331181944985,0.014763486416358785,0.6887567598527282
0.4782329999081216,0.05014078740644177,0.036710411191174165,0.06320887557097805,0.0728325213684122,0.03648617129318029,0.03278786985158124,0.1603787987484569,0.06922156466165466
0.0431666705714954,0.048166248281376105,0.007109971236770658,0.1514941469474904,0.04580791268652449,0.03610437707826604,0.025982887917002043,0.5899744059265274,0.052193379354546036
0.7405061505504978,0.014851836320346158,0.009566249375747612,0.14567620834332576,0.028993019901865928,0.009854767924599325,0.010351956679227108,0.02294523067118297,0.017254580233210373
0.014347421033586688,0.0043702163653211315,0.0022315808356668633,0.004673152823121824,0.9385852805508511,0.005057635452807122,0.002816817495106532,0.0025813119637015146,0.025336583479839588
0.031583880136860414,0.08045147648443451,0.005776959934272317,0.04610511213456211,0.043308252117287956,0.7337779756924017,0.022961220192492388,0.0238356499236571,0.012199473384028431
0.2123318320387619,0.015025886070272798,0.002454727170107751,0.037501671891768756,0.2478552072276017,0.033628275321424726,0.010249511776308687,0.037950316541473766,0.40300257196227834
0.06158386899105826,0.01849464231559759,0.004864403827857115,0.832413791485223,0.04132886394332826,0.009977548561938514,0.012381039480630136,0.008074011577488419,0.010881829816877913
0.062219889936258,0.04423463116910594,0.14544565570892984,0.43300165538694757,0.02897651772490305,0.08303018926166034,0.05024099614439297,0.13281584858348,0.02003461608432544
0.06619031651348002,0.3281588243697674,0.022369552387738023,0.30195909897807094,0.05287810924146398,0.03494746647659313,0.07093973403580911,0.08393974008146633,0.03861715791560877
0.034622430543605684,0.8567112448146176,0.006473949270535269,0.018531749523566652,0.011625534266013905,0.015678590417519084,0.033372334170849935,0.011703179926088148,0.011280987067206991
0.8426528193562574,0.0053407397827712755,0.004590517443778392,0.053080483828528334,0.020320139730194885,0.008168886256126658,0.01089514355235999,0.023098244142645788,0.03185302590734022
0.00015838398883029022,0.00019223545777502111,0.00022872750868163782,0.0005413485940079922,9.935828157919183e-05,4.522838025752114e-05,0.9985507116229781,0.00014547979910299965,3.8526366784555714e-05
0.09202430420044898,0.05926763215506761,0.011372561245790742,0.05852943171801185,0.560466292640797,0.02105526400454137,0.04036226243457624,0.02452726619471152,0.13239498540605202
0.17517012581541308,0.10451601403550366,0.02634558463901675,0.33998963790695835,0.11615496846198169,0.03588779852252179,0.03849351402721498,0.08032585183684951,0.08311650475453886
0.2911509545052686,0.11371958449131891,0.016272616403099918,0.055546921147020395,0.07690398814160018,0.18010032960695463,0.07271172369533953,0.1432019891567823,0.05039189285261721
0.039057368307330656,0.7392398174434437,0.009957783913267123,0.06075495771458156,0.06072655425149686,0.023229286670290346,0.020214436341044473,0.014753482407144889,0.03206631295140222
0.4240556889578165,0.03604280479576287,0.03606047616932091,0.30388678467769303,0.05480032739658696,0.033343592548968674,0.026429929128712514,0.043036797554837296,0.042343598770302124
0.01679151026764576,0.03680920480684015,0.003725610834326897,0.012534205128141842,0.017917931524045225,0.886935617382503,0.009076281387722495,0.005572403753748353,0.010637234915028024
0.043638817388726624,0.059792957347023175,0.007142173516146075,0.08717556537208657,0.020106472047068932,0.6255273441572262,0.05689272321433576,0.0678188908654888,0.03190505609189608
0.2428564861157702,0.027642615010977856,0.12540540106234618,0.30040083392315686,0.04144113572967755,0.018657310120189455,0.071543534999033,0.1583169725765763,0.013735710462275072
0.00042407510911459897,0.005293241180446284,0.0014477925665588116,0.003575469330080575,0.0005034247952781256,0.0005124964090221444,0.9848534064309147,0.0031520017783461373,0.00023809240023783647
0.13389330144832334,0.10489895111000459,0.0676787472617248,0.2682800025573502,0.06417904997082365,0.12586018243163413,0.06408074739740434,0.12249318589324042,0.04863583192949432
0.24439781746494055,0.010347130108590346,0.0014476378099498115,0.013540601986988646,0.371858470367907,0.005743320930587435,0.0031175549281396756,0.023854339656896484,0.32569312674600054
0.16635222955843226,0.029488523748481148,0.11814032255574992,0.08847515201252913,0.018281418211476115,0.049290135181743536,0.2886595792082242,0.21749330397437172,0.023819335548992685
0.011420896948335625,0.0064773238099773535,0.8707338628066358,0.009424425085672497,0.008695756207293348,0.027513337900336946,0.01013264817798449,0.05207889260010762,0.003522856463656714
0.024963251835137402,0.02383849365705653,0.006936032459294192,0.018584423526833878,0.03509878832601406,0.10169784806079087,0.019268095267713708,0.011432825968971607,0.7581802408981893
0.4000999234648608,0.041662982797097826,0.018082390192240606,0.2551394882159204,0.03465420914079118,0.10054283627108708,0.05069172569177835,0.07870958613775829,0.020416858088464187
0.01465149026643293,0.0653610853398122,0.005985763844896781,0.01039449503336652,0.0713148002843425,0.047472198137072756,0.05769718379799153,0.0218547671071464,0.7052682161889384
0.2538273586149057,0.04090568591529044,0.015924309388223652,0.3425867996247718,0.06369644377846596,0.026643704805627038,0.023820657276338003,0.21294085492303297,0.01965418567334364
0.09970434088080854,0.0027298611007345102,0.002113563486043693,0.00394880517450115,0.8231587562868365,0.009727523999799648,0.003350160130785739,0.009529984245277779,0.04573700469520918
0.03645930537045643,0.020558330559579684,0.8021970618581228,0.05103595124501843,0.016873602344630055,0.003982726313547255,0.017264814518287867,0.04413687272125672,0.0074913350691023384
0.06693162326933604,0.044067347713609296,0.03612231414405372,0.25396389468503233,0.09890178826995416,0.15207011463525777,0.11885380729631144,0.1795757936806071,0.049513316305835865
0.015902097822134975,0.6409048814681801,0.010785203637695083,0.039823213514435046,0.04624022165954451,0.16625961810189366,0.06017400675716161,0.011425572927943004,0.008485184111015077
0.1205966411388,0.019725060797869544,0.0031374642738780205,0.0193415041264037,0.7671950037615272,0.014648955464504157,0.005675864466289004,0.01231761847096479,0.03736188749976498
0.14351287775751426,0.056589628888341514,0.10253931138142057,0.08808742365289136,0.18435736639428343,0.10819805311216897,0.03956871091422405,0.07804044746258267,0.19910618043657083
0.08309752782621933,0.1877107939286317,0.018463519193170106,0.26253338467400494,0.09025512610517607,0.055607789130760366,0.08152955236726066,0.17242234143550447,0.04837996533927471
0.009617613150644227,0.00497765758329229,0.018473646325985558,0.031139198878453903,0.0034584573906450773,0.00381923908124574,0.006046077816658317,0.9204629241372752,0.002005185635803235
0.1506199720063066,0.05987448687321515,0.024806747069490206,0.09239755682973003,0.12354779851480846,0.04528372302080418,0.026625986816945325,0.10247531303865993,0.37436841583003716
0.034314759344442475,0.04525069095206321,0.03920950427929931,0.11546676634666275,0.0354853880634123,0.017965781509962562,0.03730055862115192,0.5969044568547702,0.07810209402823391
0.07497897527137592,0.02998546043918757,0.08992089096281917,0.5042783328476537,0.03240335475851227,0.053357659420786845,0.0493255146643619,0.14905598453654317,0.016693827098762378
0.018244022068714786,0.0046433957058856406,0.8781362407494765,0.01406812752391148,0.016312045721373895,0.006833376595580951,0.004350848505144954,0.0527030226612425,0.004708920468670624
0.05870842577423678,0.36765782144395237,0.03666924263638138,0.06391614426227193,0.07043167089866917,0.17719667849808418,0.08913266074122429,0.08183848067914323,0.05444887506603614
0.006399986651616203,0.009816160889287327,0.001863750014377097,0.004105675351818881,0.013723970590565735,0.9445751191639334,0.0077008436341650666,0.004090968308605214,0.00772352539562747
0.062409557235450885,0.007617876925908265,0.011166215759232996,0.8656367648554945,0.01424401447821108,0.00312524892732968,0.01031677822530593,0.01628616553530681,0.009197378057759808
0.011598934958644148,0.08082867271448443,0.005964611965133039,0.02705780267619777,0.644705790923435,0.03402435170255275,0.009312282217813177,0.009704514162566706,0.17680303867917171
0.08379562913671545,0.22083487315878036,0.015607085552470298,0.13316662630249057,0.1910642844453998,0.04693321411522746,0.10046525871573853,0.03967498198220919,0.16845804659096866
0.9644088320291154,0.00280159787114672,0.0010687785511975126,0.0022029432061128023,0.016779556539055204,0.002409684665188439,0.0013895315512907403,0.006808702867030719,0.002130372719863142
